time,x,y,z,phi,theta,psi,x_velocity,y_velocity,z_velocity,phi_velocity,theta_velocity,psi_velocity,rotor_speed1,rotor_speed2,rotor_speed3,rotor_speed4
0.06,-3.44232986442e-06,6.45234127161e-07,10.005903975,0.000469716586393,0.0017143528457,0.0,-0.000246915828161,5.27552439624e-05,0.196785035003,0.020114646813,0.0578378761408,0.0,465.59674737089296,470.0993853656667,464.5555548087451,466.129750598751
0.12000000000000001,-7.12946243214e-05,1.93556891441e-05,10.0225927261,0.00137772427984,0.00490284882187,0.0,-0.00238774657331,0.000691426543193,0.359467703517,0.00262135271006,0.0415394446725,0.0,457.3262929940538,456.02820266124957,456.85159637453864,455.45479334962414
0.18,-0.000343465114567,9.50060042766e-05,10.0505503343,0.00180772855056,0.00711605166011,0.0,-0.00696607416357,0.00186650473946,0.572368109382,0.0149841502856,0.0254177835351,0.0,472.1804995115115,470.93586673657154,471.0316923166561,471.98653598961613
0.23999999999999996,-0.000918663261259,0.000249504509363,10.0884699523,0.00317888841379,0.00876953696678,0.0,-0.0123736781244,0.00340589051578,0.691552507051,0.035187022523,0.0315270508251,0.0,443.7153442800367,444.2167157782159,441.8231246286456,443.4854527229101
0.3,-0.00184074504158,0.00052552430967,10.1319990033,0.00625326483381,0.0102430810737,0.0,-0.0185315079985,0.00605773858507,0.759370132451,0.0720268256624,0.00456894144565,0.0,427.7749705259378,425.4736228945847,425.96873349892013,429.10866147484404
0.36000000000000004,-0.00319945886541,0.00105796350909,10.1838689843,0.010248366749,0.0106178199496,0.0,-0.0267960008605,0.0121848283635,0.96947029692,0.0525449058444,0.00940435049199,0.0,470.72377815964825,471.09766164460933,472.18235708902455,470.68016122635663
0.4200000000000001,-0.00505710652728,0.00204066679377,10.2475984472,0.0134965500474,0.0117917490226,0.0,-0.0352294815322,0.0209371083841,1.15467081535,0.0571420533121,0.0345975440051,0.0,462.67963843816085,464.6585886175318,464.41206710578734,464.77427043419215
0.48000000000000015,-0.00740854037349,0.00357235139115,10.3187146791,0.01687197974,0.0141219667193,0.0,-0.0433640493546,0.0304455827364,1.21579915739,0.0544266797699,0.0461933204242,0.0,424.80350977504025,425.7973830215711,426.3781312933601,426.14841257923575
0.5400000000000001,-0.0103097041749,0.00575643197562,10.3944438124,0.0202581841912,0.0170010550524,0.0,-0.0536253225731,0.0426910793033,1.30839270043,0.0601794943276,0.0513454210006,0.0,436.71885245057103,437.14977517247866,435.0053579240953,435.4890129028955
0.6000000000000002,-0.0138800288497,0.0087378323363,10.4753582492,0.0236793430756,0.0200956354168,0.0,-0.0656898940887,0.0570360014155,1.38864703205,0.049804889466,0.0520340549466,0.0,431.7197692275416,431.77966023805294,433.47380163706623,432.60348929414215
0.6600000000000003,-0.0182820858964,0.0126995595462,10.5632854021,0.0263697283234,0.0227882184038,0.0,-0.0813682093666,0.0753313663211,1.54204771291,0.0323838402839,0.0240321819268,0.0,457.00167279131267,454.76544779554865,455.89968012989874,454.5067953351463
0.7200000000000003,-0.0236568225951,0.0177901824601,10.6594963152,0.028415453628,0.0237674861696,0.0,-0.0979221345296,0.0945615151394,1.66480147813,0.0373152364626,-0.00726081052349,0.0,448.1609075882503,445.61031598812605,445.9943371266886,446.39736622396555
0.7800000000000004,-0.0301560050206,0.0242225690453,10.7680396911,0.0306354572041,0.0229221694649,0.0,-0.118631302073,0.120127635349,1.95285597034,0.0363622844938,-0.0334661318064,0.0,496.6201400447463,494.6944972191174,495.8763333863293,495.80681170518017
0.8400000000000004,-0.0377824034904,0.0321290877009,10.890068709,0.0327103543838,0.021108330767,0.0,-0.135364390747,0.14365061783,2.11448829254,0.0307594904979,-0.0244397045827,0.0,459.5235255872903,460.23818052634175,460.0453923183317,459.60202854180505
0.9000000000000005,-0.0463143518378,0.0413976465384,11.0189331887,0.0344771627105,0.0195316744589,0.0,-0.148884428394,0.165472131421,2.18086513663,0.0266834515025,-0.0302324848932,0.0,432.0474264909227,431.5585994584804,429.7264023689823,429.3810577866155
0.9600000000000005,-0.0556195576045,0.0519987625958,11.1514786908,0.0357525194682,0.0174681586542,0.0,-0.161103940234,0.188034412035,2.23720616959,0.00725730745263,-0.0443756386933,0.0,428.01454740869247,426.80862982088206,428.8259571385489,427.17269627300584
1.0200000000000005,-0.0656123436545,0.0639671534889,11.2872144541,0.0359054142859,0.0151903502939,0.0,-0.171756440988,0.21093749188,2.28722162781,-0.00910032798752,-0.0275118954282,0.0,425.68215335760055,427.1219107580475,426.0642224097136,424.66342829849384
1.0800000000000005,-0.0762567289203,0.0774363707251,11.4294877069,0.0358457841047,0.0136543600798,0.0,-0.182873672257,0.237992979584,2.45487676669,0.0116365237354,-0.0220269167777,0.0,462.48298783635386,462.9146884728278,462.4472737822624,464.0777948745844
1.1400000000000006,-0.0875155407563,0.0924808300811,11.580396269,0.0367209182305,0.0123089127854,0.0,-0.192277112664,0.26356148119,2.57514175805,0.0199126768823,-0.0232305179812,0.0,449.4935390707674,449.39597053743097,448.67848444600577,449.3497733113879
1.2000000000000006,-0.0993516740233,0.109208488685,11.7419972165,0.0373923812627,0.0108501960552,0.0,-0.202080623105,0.294134479247,2.81100084977,-0.0186364471821,-0.0265673235928,0.0,484.85359750006467,484.6028199714989,485.3519374021528,482.4501163274839
1.2600000000000007,-0.111722260007,0.127715760986,11.9161380439,0.0360336831398,0.00936899018036,0.0,-0.210092787197,0.322615908195,2.9932390733,-0.0321923843646,-0.0211689482269,0.0,468.3715636374436,468.79116012232714,471.4520941117998,470.4035105034414
1.3200000000000007,-0.124520989202,0.147818395502,12.0990241408,0.0338482710693,0.00838929532957,0.0,-0.216414619479,0.347248106172,3.10268080778,-0.0466176267324,-0.00807590313829,0.0,447.569641063997,448.634073912236,449.64267192884756,448.47187272861504
1.3800000000000008,-0.137688800222,0.169379527171,12.2893850203,0.0307773905187,0.00759652522677,0.0,-0.222443810475,0.371126395099,3.24230660613,-0.0623736963268,-0.0262339467999,0.0,459.15389399995604,457.71114045807457,459.1157616491716,457.86226645829385
1.4400000000000008,-0.151191351562,0.192279405665,12.4873818613,0.0267396109267,0.0056598692778,0.0,-0.227460995027,0.391786903235,3.35727235033,-0.079612019895,-0.0484893893898,0.0,452.72915978343207,450.93440411834723,452.2203482956199,450.826169814698
1.5000000000000009,-0.164958535827,0.216377429348,12.6941556467,0.0218898113207,0.00249145805081,0.0,-0.231100945203,0.410917282013,3.53467527181,-0.0833828662754,-0.0632548831208,0.0,471.77606802221504,470.6328673497728,471.3745329240583,471.0781606173656
1.560000000000001,-0.17886271672,0.241450238094,12.9087267886,0.016855545475,6.28190057822,0.0,-0.231996170143,0.424334628664,3.61745518497,-0.0849678009532,-0.0623073615517,0.0,443.9269635989249,444.0018354728547,442.8892547846898,442.75308689873
1.620000000000001,-0.192751564254,0.267173751174,13.124984136,0.0122763065266,6.2783164757,0.0,-0.230661659733,0.43271344893,3.59121937894,-0.0630415286547,-0.0550334769899,0.0,408.1695207554279,408.8153247701085,406.8824437162577,408.8354353569134
1.680000000000001,-0.206469119794,0.293393705293,13.345532697,0.00867980065967,6.27476982038,0.0,-0.226211940983,0.440862717842,3.7598693241,-0.0543712265409,-0.0688533901666,0.0,470.39488070949557,469.3211125211608,469.72278156951944,470.39235734358
1.740000000000001,-0.219857374825,0.320003210008,13.5738506038,0.00505443046964,6.2703317742,0.0,-0.21963886337,0.445773286688,3.85043332545,-0.0766586887912,-0.0869037516563,0.0,447.52290046920007,446.04676330211197,448.6800060540517,446.8640386995103
1.8000000000000012,-0.232802598933,0.346814388207,13.8042999013,6.28307851139,6.26507514216,0.0,-0.211427179709,0.447531728952,3.83128045158,-0.121414797266,-0.0890619162933,0.0,412.2137533917371,412.0159507721235,414.38033457689585,410.418808143886
1.8600000000000012,-0.245111632226,0.37362901768,14.03640361,6.27542998068,6.25972484676,0.0,-0.198354791954,0.445555957633,3.90526362986,-0.143731534565,-0.0893916891389,0.0,443.0415751439861,443.00780032874576,443.0052088008911,441.1508865787724
1.9200000000000013,-0.256558776718,0.400177812298,14.2717863722,6.26669555683,6.25476658544,0.0,-0.182745214528,0.438597460182,3.94070437496,-0.149534025202,-0.071735283955,0.0,429.4734430689449,430.96256549954074,431.54343509659066,431.03275278888907
1.9800000000000013,-0.266997668834,0.42615474231,14.5086787199,6.25800793975,6.2501402187,0.0,-0.164822309971,0.42650795425,3.95564555711,-0.136696475577,-0.0909010967782,0.0,425.61652246121184,423.9676779987059,423.32690014827864,424.4093703102705
2.0400000000000014,-0.276191533267,0.451186479162,14.7488688384,6.25003935159,6.24460678901,0.0,-0.141094758134,0.407071594766,4.05033660239,-0.125998055352,-0.0950078402248,0.0,449.4634251376072,449.1233703775824,450.2588250972646,451.10753796402656
2.1000000000000014,-0.283867619959,0.474908932676,14.9942189176,6.24314823745,6.23876434009,0.0,-0.114216071583,0.382978333014,4.12769015564,-0.0987596092991,-0.102580756039,0.0,445.559027603757,444.93128637521613,444.3003013407377,446.5158369078432
2.1600000000000015,-0.289753231183,0.496999660223,15.2454996606,6.2370045749,6.23224036079,0.0,-0.0813290079907,0.352765953058,4.2478516129,-0.110881844794,-0.125340849173,0.0,460.5914939030855,458.77745453658264,459.26973662876276,458.2983478675792
2.2200000000000015,-0.293608789408,0.517223573876,15.5023080598,6.23011216484,6.22456074148,0.0,-0.0464666011121,0.320723720779,4.31212919692,-0.124362897992,-0.133904390412,0.0,442.1077290331199,441.3863769182245,444.61183359209076,443.49392865829253
2.2800000000000016,-0.295191350747,0.535362550176,15.7634350558,6.22342715037,6.21626515725,0.0,-0.00549567554679,0.283235878483,4.39172404883,-0.0934878382389,-0.148810708489,0.0,447.83274408084526,446.6007003117376,448.2804031231102,450.7710454619846
2.3400000000000016,-0.294072117426,0.551059521414,16.0303930595,6.21752220214,6.20750429999,0.0,0.0436955096061,0.239432703656,4.50633576485,-0.11074416574,-0.140943550989,0.0,459.798835786578,460.402531926731,460.59573889873235,459.2207027547637
2.4000000000000017,-0.289543685488,0.563764416124,16.3077384112,6.21049554704,6.19879082521,0.0,0.108223023531,0.183309506781,4.73744898129,-0.134553119646,-0.155553781059,0.0,495.99299770591415,494.90121131142826,496.2219026326983,494.45976215525553
2.4600000000000017,-0.281109267364,0.57308269782,16.5967856598,6.20244470032,6.18929729116,0.0,0.17391131356,0.126465177888,4.89663266279,-0.133447101108,-0.164181958413,0.0,477.19979606169403,476.5186875316459,476.44813398136205,476.51742662574713
2.520000000000002,-0.268527965926,0.578822063261,16.8952437881,6.19383700196,6.17952523968,0.0,0.2464837726,0.0640339727969,5.05111492235,-0.194433670919,-0.160363604412,0.0,476.63343094652276,476.9018912058265,479.4779781888946,474.8006558681472
2.580000000000002,-0.251524242981,0.580738465127,17.201521095,6.18227851312,6.17011383083,0.0,0.3212393655,-0.00129492339685,5.15742515063,-0.189283689584,-0.150639653979,0.0,462.74589013800863,463.4885326830724,465.22626469653727,465.59502510483986
2.640000000000002,-0.230218338977,0.57883495273,17.5108644442,6.1708332966,6.16066047751,0.0,0.38975871684,-0.0631319489402,5.15381085088,-0.193863304723,-0.177278132063,0.0,431.71724854136096,429.43815808408186,431.56458905606763,431.14112958996657
2.700000000000002,-0.204274086255,0.572698166137,17.8227647951,6.15889151145,6.14996241718,0.0,0.47607228837,-0.142538306513,5.24215368417,-0.212119529634,-0.180426202265,0.0,460.695181012157,460.4166874000571,461.7385560102478,460.2581989771269
2.760000000000002,-0.1724134025,0.56107406392,18.1436828414,6.14652446784,6.13878627407,0.0,0.58711816858,-0.246257437763,5.45370239042,-0.196234397967,-0.20170608645,0.0,499.9391975112357,498.3560761474368,498.01916993772016,499.1429177164354
2.820000000000002,-0.134389836591,0.543667309846,18.4720073873,6.13504079016,6.12657608675,0.0,0.681433619577,-0.334979651852,5.48987636571,-0.183154818724,-0.207356795471,0.0,449.0911161070064,448.59221228778273,448.2912778944696,449.3175603147891
2.880000000000002,-0.0906016089011,0.520848760206,18.8016545861,6.12380756547,6.11430788156,0.0,0.779256809946,-0.426565579668,5.49789548318,-0.196914932576,-0.19925325589,0.0,440.859203286795,441.4869460610697,441.43027251629707,440.2585014781779
2.940000000000002,-0.0399076560471,0.491579524541,19.136372585,6.11224294779,6.10215251307,0.0,0.911735619846,-0.550176633635,5.65800947954,-0.185499331644,-0.210258702878,0.0,489.36446157468384,488.5081195548468,489.0331569494017,489.8502793874029
3.000000000000002,0.0186613812935,0.454974404773,19.4787274289,6.10148330549,6.08965829837,0.0,1.0417357131,-0.670938570305,5.75274583366,-0.169210799706,-0.204478533704,0.0,471.9447354705181,472.35084547097694,471.8239473498204,473.05082663169804
3.0600000000000023,0.0850239660829,0.411161158643,19.8253629324,6.09166313484,6.07764618215,0.0,1.17142551307,-0.79031033623,5.80092328091,-0.154422804394,-0.192798742467,0.0,459.27660813659617,460.16429523053273,459.7525672312775,460.8982634055741
3.1200000000000023,0.158556955778,0.36077892613,20.1708839989,6.08231116048,6.06604072458,0.0,1.28060292513,-0.88979112756,5.71633990033,-0.15891756977,-0.194703552596,0.0,418.28824215168527,418.0832172124193,417.43989020799427,417.0226404056698
3.1800000000000024,0.239791777278,0.303417558507,20.5155365335,6.073086483,6.05424312588,0.0,1.42824153903,-1.02297625846,5.77109941283,-0.14502008756,-0.200773118065,0.0,464.61415579937267,464.1019324600471,463.8827345608459,464.95161848273494
3.2400000000000024,0.330694216184,0.237387813657,20.8657781172,6.06431019186,6.04238282379,0.0,1.60289886415,-1.17866064191,5.90212010516,-0.148896491323,-0.192104671446,0.0,490.4242877563468,491.0336082163481,489.48069033825254,489.17417986324176
3.3000000000000025,0.430515127031,0.163448504362,21.2166090683,6.05589331223,6.03074341533,0.0,1.72536953624,-1.2866048809,5.7921639745,-0.127046581697,-0.198049036914,0.0,415.18602153002183,414.6243085519595,412.8013378232903,414.70514198917914
3.3600000000000025,0.537908351683,0.0828791607542,21.560971736,6.04846240321,6.01878533921,0.0,1.85532838007,-1.39957200952,5.68644412609,-0.118122060916,-0.201926667379,0.0,415.8330783460135,415.45124509384743,416.15391052840715,416.91945713076336
3.4200000000000026,0.654873882457,-0.00593212871133,21.9046106288,6.04100794559,6.00611066648,0.0,2.04452249094,-1.56123898161,5.76683552323,-0.140718278594,-0.246051114718,0.0,481.25108473923603,477.856006584807,478.82725933705467,477.0916124811208
3.4800000000000026,0.782841054525,-0.104060914868,22.2508716864,6.03269605296,5.99260019184,0.0,2.22216126403,-1.71025146479,5.77415642245,-0.134486445279,-0.200654651594,0.0,457.30621527583713,460.85772079181675,457.32978739921145,457.8087836262799
3.5400000000000027,0.921345738686,-0.210963577591,22.5963099514,6.02526524655,5.98047870636,0.0,2.39557360459,-1.85365480885,5.73967769573,-0.108299849149,-0.204911100306,0.0,446.6715919319989,446.28440968653234,445.7210418023791,447.84221259101844
3.6000000000000028,1.06974706911,-0.32599515483,22.9373946879,6.018718659,5.96807586461,0.0,2.55204951022,-1.98115682127,5.62948947154,-0.110779457063,-0.210581169653,0.0,422.56356354865903,422.0298401161676,421.60453348604983,421.37897193843855
3.660000000000003,1.22905529803,-0.449828732705,23.2757147784,6.01187006391,5.95574205972,0.0,2.75912544017,-2.14696665775,5.64662070165,-0.121893310163,-0.197065808645,0.0,466.2013574735898,467.21694336353204,467.0316249569266,466.15276472429434
3.720000000000003,1.39992903763,-0.582868369032,23.6119030196,6.00512458937,5.94412032115,0.0,2.93749118434,-2.28811258758,5.55907149312,-0.0981855404793,-0.187696997943,0.0,433.91975007426385,434.66810408111354,431.94158146485165,433.92485265996555
3.780000000000003,1.58165461613,-0.724445989536,23.942687224,5.99914945705,5.933160032,0.0,3.12078665082,-2.43148997642,5.46650660572,-0.102541329668,-0.174161195638,0.0,432.9826063228365,434.0867775352568,433.06762920542315,432.69215446877746
3.840000000000003,1.77538457073,-0.87535615461,24.2700471598,5.99285046927,5.9228087854,0.0,3.33751410276,-2.59914614961,5.44441737724,-0.110373528511,-0.169430951759,0.0,459.5506576234501,459.8980252320954,458.99613084145443,458.3646914471667
3.900000000000003,1.98060933424,-1.03514888206,24.5917340395,5.98645698868,5.91215408965,0.0,3.50401535988,-2.72772665411,5.27831481554,-0.099855025714,-0.203524894716,0.0,411.8439573054447,408.7815941869066,408.81964336582496,409.7449796579489
3.960000000000003,2.19772051119,-1.20405013009,24.9076766812,5.98133903163,5.90031493,0.0,3.73373915334,-2.90250779315,5.25189931961,-0.065843430252,-0.187158569484,0.0,460.530749234047,461.7869990963887,459.4882566558399,462.1710840480869
4.020000000000002,2.43042826543,-1.38470028305,25.2257454784,5.97702854062,5.88932031185,0.0,4.02367679599,-3.11905728375,5.34833618549,-0.0878742573449,-0.176390966643,0.0,504.1311958188289,504.88056129731393,504.45825150822753,502.86104740867916
4.080000000000001,2.67862215072,-1.57688278145,25.5446173039,5.97208440539,5.87835084463,0.0,4.25001595142,-3.28722988522,5.27972641075,-0.0732474091308,-0.200517073417,0.0,454.53831913504183,452.5678509262627,453.0624295254644,454.2317792701917
4.14,2.93994598851,-1.77878462314,25.8579064588,5.96794616206,5.86614406315,0.0,4.46146716292,-3.44302525802,5.16250454265,-0.0615597810509,-0.210051511165,0.0,438.48727185248276,437.6528361722542,438.5264524666457,439.49279257149817
4.199999999999998,3.21475478726,-1.99052801632,26.165411936,5.9642071933,5.85348993628,0.0,4.69947557377,-3.61515480848,5.08656028272,-0.0638727475819,-0.21265678015,0.0,456.0798223776928,455.82902521796893,454.88285129210266,454.6948383176576
4.259999999999997,3.5044183146,-2.21291647009,26.4690482408,5.96019487377,5.84105807439,0.0,4.95654625582,-3.79781750452,5.03327973706,-0.0736665221571,-0.198069793378,0.0,466.1077804361687,467.20650966571304,465.95676978006526,465.18713254780556
4.319999999999996,3.80854837664,-2.44556126395,26.767089246,5.95585311174,5.82917619194,0.0,5.18169809901,-3.95720782722,4.90059744457,-0.0698761759178,-0.197954774701,0.0,440.2648499212118,440.2356059008282,440.86944498583966,441.17851425816735
4.379999999999995,4.1281053065,-2.68899238259,27.0604810389,5.95243974826,5.81690871206,0.0,5.47056891438,-4.15708676559,4.87739963756,-0.0389136936736,-0.222426689013,0.0,482.5488070219136,480.6591304230958,481.22343025186285,483.5598799878593
4.439999999999993,4.4640596197,-2.94373746043,27.3502319662,5.95035935723,5.80353053754,0.0,5.7284544907,-4.3343566435,4.7797196332,-0.0273149315515,-0.224075932533,0.0,459.85009328646197,459.6719152095281,459.24316406055016,460.1620414426536
4.499999999999992,4.81448671538,-3.20841149689,27.631868195,5.94854463618,5.79016240158,0.0,5.9530770188,-4.48819741128,4.60745014305,-0.0368650925443,-0.220373826327,0.0,435.1111641824533,435.37073878581845,434.7660929690813,433.9645859438643
4.559999999999991,5.17907270418,-3.48267574155,27.9039982481,5.94627585245,5.77694665204,0.0,6.20030261992,-4.65398519286,4.4625447018,-0.0397793004968,-0.220041161661,0.0,447.72065674480484,447.70009124283644,446.8404705507699,446.6020850190131
4.6199999999999894,5.55967866478,-3.76754084745,28.1690654963,5.94429593608,5.76336720451,0.0,6.48691586088,-4.84140458276,4.37149371811,-0.02205697431,-0.243411244092,0.0,470.7294272384994,468.86826807060476,469.2790054175799,470.6526645224923
4.679999999999988,5.95569676199,-4.0625480147,28.4253091331,5.94295811983,5.74942747436,0.0,6.71428499318,-4.99227937356,4.16926062634,-0.0227811827551,-0.216317441492,0.0,430.41726819662347,432.64856974369155,431.09001810199885,431.02875744039216
4.739999999999987,6.36903174681,-4.36863507564,28.6749323779,5.94192047081,5.73619136859,0.0,7.0635609848,-5.21022916374,4.14925306089,-0.00811348941832,-0.23093206927,0.0,501.7454883066582,500.6405810367791,500.43719204498996,501.50412407054165
4.799999999999986,6.80101777603,-4.68645252598,28.9193440685,5.94222824753,5.72270234869,0.0,7.33630726786,-5.38358613194,3.99660119552,0.0233612846641,-0.214781244068,0.0,457.39496523395934,458.6310790364263,456.86790765275094,459.37145396359955
4.859999999999984,7.24761595826,-5.01368722984,29.1516519963,5.94376441614,5.70977466756,0.0,7.55083119445,-5.52440356552,3.74668122592,0.0297456158265,-0.216854868404,0.0,422.584897771222,422.35752967986303,421.2785604012063,421.83061519373564
4.919999999999983,7.70750500326,-5.34956529946,29.3693550143,5.94548827632,5.6962760303,0.0,7.77926294033,-5.6716442848,3.50959968341,0.0266207461009,-0.250755058061,0.0,429.7197090941015,426.7810382966994,428.5619155403618,428.2963847180936
4.979999999999982,8.18211444769,-5.69475269615,29.5740165583,5.9466678718,5.68099221658,0.0,8.04143649305,-5.83455301328,3.31141708473,-0.000299943049429,-0.264158062227,0.0,446.10675040995864,444.94520796762765,447.46070501210863,445.26291111769626
5.0399999999999805,8.67263203587,-6.04975817272,29.766706552,5.94668916174,5.66525488881,0.0,8.30948673804,-5.99896375075,3.11038246872,0.00163335211726,-0.258797739255,0.0,448.1013516910582,448.46840787822555,447.2605153413647,447.417995817224
